5241589
5247843
5254099
5260354
5266608
5272863
5279118
5285373
5291628
5297882
5304137
5310392
5316647
5322902
5329157
5335412
5341666
5347921
5354176
5360431
5366686
5372941
5379196
5385450
5391706
5397960
5404215
5410471
5416725
5422980
5429235
5435490
5441745
5448000
5454255
5460509
5466764
5473019
5479273
5485528
5491784
5498038
5504293
5510548
5516803
5523058
5529312
5535568
5541823
5548077
5554332
5560587
5566842
5573097
5579352
5585606
5591861
5598116
5604371
5610626
5616881
5623136
5629391
5635646
5641901
5648156
5654410
5660665
5666920
5673175
5679430
5685684
5691939
5698194
5704449
5710704
5716959
5723214
5729469
5735723
5741978
5748233
5754488
5760742
5766998
5773253
5779508
5785762
5792017
5798272
5804527
5810782
5817037
5823292
5829546
5835801
5842056
5848311
5854566
5860821
5867076
5873330
5879585
5885840
5892095
5898350
5904604
5910859
5917114
5923370
5929625
5935879
5942134
5948388
5954643
5960899
5967154
5973409
5979664
5985917
5992172
5998428
6004683
6010937
6017192
6023447
6029702
6035957
6042212
6048467
6054722
6060977
6067231
6073486
6079741
6085996
6092250
6098506
6104761
6111015
6117270
6123525
6129780
6136035
6142289
6148544
6154799
6161054
6167309
6173564
6179819
6186074
6192328
6198583
6204838
6211094
6217348
6223602
6229858
6236112
6242368
6248623
6254878
6261132
6267387
6273642
6279897
6286152
6292406
6298662
6304916
6311171
6317426
6323681
6329936
6336190
6342446
6348701
6354955
6361210
6367465
6373720
6379975
6386229
6392484
6398739
6404994
6411249
6417503
6423759
6430014
6436269
6442523
6448778
6455033
6461288
6467543
6473798
6480053
6486307
6492562
6498817
6505072
6511327
6517582
6523836
6530091
6536347
6542602
6548855
6555111
6561366
6567621
6573876
6580130
6586386
6592640
6598895
6605150
6611405
6617660
6623914
6630169
6636424
6642680
6648934
6655188
6661444
6667699
6673953
6680208
6686464
6692718
6698973
6705228
6711482
6717738
6723993
6730247
6736503
6742757
6749012
6755267
6761522
6767776
6774032
6780286
6786541
6792796
6799051
6805306
6811560
6817815
6824071
6830326
6836580
6842835
6849090
6855345
6861599
6867854
6874109
6880364
6886619
6892873
6899129
6905384
6911638
6917893
6924148
6930403
6936658
6942913
6949168
6955422
6961677
6967932
6974187
6980442
6986697
6992951
6999206
7005461
7011716
7017971
